Importance,Molecular Descriptor
0.008410854231412763,B09_C-O_
0.006203930316992911,TDB10u
0.005970225956081827,B10_O-O_
0.005922418381897978,B08_C-O_
0.004969914477771682,B08_C-C_
0.004873001487891913,Depressant-80
0.004828941981697852,nCq
0.004337793925870642,TDB10s
0.004093549555602104,MDEC-23
0.004080419943107636,TDB10v
0.004042287093483583,nR10
0.0038427657245081385,CMC-50
0.003688244994063903,SpMin2_Bh(s)
0.00363621102584201,SpMin1_Bh(s)
0.0035618506941899816,CATS3D_07_LL
0.0034645018025976724,Mor04v
0.0033537234695310875,Inflammat-80
0.0032561228842714588,MaxsssCH
0.0031657793964537393,CATS3D_05_LL
0.003138084122356627,CATS2D_00_LL
0.003136464585152992,H-046
0.0030689119742599697,LOGP99
0.0030201170342449716,nLevel7
0.003013998081205635,MLOGP
0.0029863242950398396,minsOH
0.00293287328065008,Mor21u
0.0029222691252702142,B10_C-O_
0.0028232741829751244,MDEC-14
0.002750911364770954,nLevel6
0.002733827385760057,Mor03u
0.0027227672908845366,ESOL
0.002720692239989046,ALOGP
0.002692519085116128,SpMin1_Bh(m)
0.0026848159460352472,CIC0
0.002641081995077604,SpMin3_Bh(s)
0.0026324144702303165,SpMin3_Bh(m)
0.0026299518888575797,nLevel1
0.002619635542360677,ALOGP2
0.0025931043506107108,CATS2D_06_LL
0.002548838681541567,GATS8p
0.0025440994807777026,nLevel5
0.0025107230228753313,CATS3D_06_LL
0.0025085146208251932,RDF030v
0.002503798908609698,RDF090u
0.0025020826327857293,nR06
0.002500269156280331,Yindex
0.0024963742837952672,Mor28u
0.002467675774022011,WHALES90_IR
0.002465803356024576,Eta_L_A
0.0024329911679910787,SM03_EA(dm)
0.002383177876965288,Mor23u
0.0023762240724762977,B07_C-C_
0.002365980457393692,piPC09
0.0023359501649727436,NssssC
0.002329477860092439,Mor21v
0.002316390529913333,CMC-80
0.0023006275474022992,SpMin2_Bh(m)
0.0022934758553292077,B07_C-O_
0.0022924969846291215,TDB10m
0.0022535765685340564,Mor12u
0.0022469597532759483,Hypnotic-80
0.0022422178043799996,TDB09u
0.002238978974078527,Hypertens-80
0.0022352679286858548,J_D
0.002200752256880122,SpMax2_Bh(v)
0.002171131128352606,nCs
0.002170096199762229,MLOGP2
0.0021686163359453223,nCt
0.002162078850522522,DLS_03
0.0021422847624124244,EE_G
0.002140236524188801,Mor22v
0.0021040795214839255,C-002
0.002074968956201423,SpMin4_Bh(s)
0.002072329196296414,TDB09m
0.002072106463967701,SpMin4_Bh(m)
0.0020554490398803187,J_Dz(Z)
0.0020552049871538046,Mor08m
0.002039536382097277,B05_C-C_
0.0020314672697255465,VR2_A
0.00201124809725373,Mor25s
0.0020074649027950085,piPC10
0.002004023080346587,RDF060u
0.002001284635483093,RCI
0.0019978648061632614,Infective-80
0.001988886543636399,nR09
0.0019745691312716843,RFD
0.001971039017443128,RDF035u
0.0019677247634546135,WHALES80_Rem
0.0019606699164028546,ICR
0.0019534283860638845,R3u
0.0019422180123997703,H3u
0.001941489276085826,SIC0
0.0019399015799052618,HATS2e
0.0019375004242621378,VE2_Dz(Z)
0.0019361708113905514,ATS3s
0.0019293507571314756,GATS7p
0.0019253970692894955,Mor27m
0.001903912712683127,QYYm
0.0018989518675424921,SHED_LL
0.0018883003242447529,HATS1u
0.0018835093472806955,Mor23p
0.001874096434055745,SpMax3_Bh(m)
0.0018740016265556966,Au
0.0018606555998173214,Depressant-50
0.0018598954401651115,CATS2D_08_AL
0.0018569044921439108,AVS_RG
0.0018506498828472365,R4v
0.0018435323824833405,NsssCH
0.0018417346306520092,Mor25u
0.0018316952849962696,s3_phSize
0.0018220097933182844,RDF050m
0.001815936882782229,Mor21m
0.0018068922080103017,X1A
0.0017965830402474213,Mor04u
0.001790799335032451,Mor10m
0.0017655952542183799,CATS3D_10_DA
0.0017651148901365868,CIC1
0.0017645756775251532,P_VSA_ppp_L
0.001759119074783187,CATS2D_07_LL
0.0017535282557837593,B01_C-N_
0.0017385387089162848,Mor22u
0.0017276604256140872,VE1_B(m)
0.0017274490272741556,P_VSA_i_3
0.0017272684192222245,J_Dz(e)
0.0017181756389844929,QED
0.0017173497432819407,Mor22m
0.0017119580565792612,nLevel8
0.001705513282121433,Mor28m
0.0016898836174473154,Mor28v
0.0016889242191420514,VE1_X
0.0016869225307142048,RGyr
0.001673251690493864,SpMax3_Bh(v)
0.001667557925961248,CATS3D_06_NL
0.0016562347824252747,Mor20u
0.0016549469434561468,CATS3D_07_AL
0.0016540637501364305,DLS_04
0.0016525382768370763,R6u
0.001649754875962545,H7u
0.0016284709644266973,R8v
0.0016266964712386462,GATS7v
0.001626463207588278,HATS0e
0.0016139923572911735,nCIR
0.0016129376187788494,Mor16m
0.0016076816162815101,SpMax4_Bh(s)
0.0016025490649477013,meanDistFromCC
0.001601464129799224,GATS8v
0.0016001333716681976,TDB08m
0.0015876872854486488,R2e+
0.0015734319476447063,Mor13u
0.0015622874719562014,HyWi_G
0.0015568642001302076,RDF045v
0.0015563359774454872,Mor06v
0.0015477900829105786,SM14_AEA(bo)
0.0015452712165707789,Eig03_AEA(dm)
0.0015424814284234277,RDF025s
0.0015411087758981428,Mor09u
0.0015353876849779904,piPC07
0.001532938743316385,DLS_cons
0.001526522918766587,Mor17u
0.001524900223159161,minssCH2
0.0015243406207252669,nBnz
0.0015241753468909634,HATS8v
0.0015216635945027636,R7v
0.0015143778859003495,RDF100u
0.001509355347964945,Mor19u
0.0014967920667961147,RDF110s
0.0014903888211653888,CATS3D_08_AL
0.0014837450599649658,SpMAD_EA(ri)
0.00148216588828805,s3_size
0.0014783083152234196,CATS2D_07_AL
0.001471519283728166,Mor19m
0.001467497025387778,R3u+
0.00146723754322096,SM12_AEA(ri)
0.0014631185677310755,Mor29u
0.0014554736897134995,ChiA_RG
0.0014429059721521253,nCIC
0.0014428988523183443,nCrs
0.0014382320189905461,DLS_05
0.001436386842310389,GATS8i
0.0014363216369057473,SsssCH
0.0014336262360219033,WHALES80_Isol
0.0014310309260281223,s3_numSharedNeighbors
0.0014305442473622944,B02_N-O_
0.0014293920625868483,SpMax_B(p)
0.001426722300768105,VE2_G/D
0.0014114957976569835,R5u
0.001411322862710375,VE3sign_B(p)
0.0014078911436745715,H8u
0.0014046280402388147,J_D/Dt
0.001402186229953576,nCsp3
0.0013994841465886012,ISH
0.0013930159183606209,TDB03s
0.001385761937385333,HATS2u
0.0013656456509632472,RDF105s
0.0013641991210151779,Mor12s
0.0013609043968642238,MAXDP
0.0013533201520253705,TDB08v
0.001347603047627538,minsCH3
0.001346666438073469,Mor10v
0.001339851001048776,Mor24v
0.0013381787533535536,Mor13m
0.0013349270488583246,VE1_Coulomb
0.0013327653110545552,H6v
0.001330454679617003,CATS3D_02_DL
0.0013297730592912959,H6u
0.0013188487524270955,IC3
0.0013187484047940412,MDEC-12
0.001314725345564281,s2_size
0.0013139189927712203,Mor12v
0.0013130376736564782,s2_phRelSize
0.0013125125016032458,Mor06u
0.0013092293585830717,D/Dtr10
0.0013073789729012523,Mor19s
0.0013008466362985195,Psychotic-80
0.001298370026765437,HATS2p
0.0012942604289760042,s2_relSize
0.0012891255384577202,R8s
0.001284838874092136,TDB07v
0.0012785051300531357,RDF070u
0.0012702802017427366,VE3_RG
0.001263791671952631,CATS2D_09_AL
0.0012635816000339023,CATS3D_06_AL
0.0012632302496563077,Mor31u
0.0012556222858751984,ATS7m
0.0012549834841520393,MSD
0.0012507052157982044,SHED_DL
0.001246665380280094,Mor24m
0.0012374500818093169,RDF105u
0.0012352436231399555,Mor21s
0.0012300244507479211,MaxssCH2
0.0012240283946725918,CMBL
0.001222082889097823,CATS3D_08_DL
0.0012159510982642076,Mor09s
0.0012151906160534948,P_VSA_charge_8
0.001213454661050657,Mor13v
0.0012108503020744903,Mor14u
0.0012103435812056474,C-026
0.0012101235300530449,Chi_D/Dt
0.0012032804633037083,B05_O-O_
0.0012024429185131203,VE3sign_Dz(v)
0.0011997399466909073,Chi_Coulomb
0.001194033070593507,VE3sign_B(m)
0.0011903445055500234,piPC08
0.0011889441376058464,Me
0.0011877440861817726,CATS2D_08_LL
0.0011843206744393017,EE_Dt
0.0011813461439056062,R5v
0.0011769320098065342,TDB01s
0.0011761104354931174,TDB09v
0.0011660325303343509,HATS7m
0.0011642418395286635,LLS_01
0.0011622762968665499,TDB04i
0.0011616221577960446,WiA_D/Dt
0.0011575955956551244,Mor02v
0.0011541747875354347,nArOH
0.0011534690127557787,Mor04m
0.0011514262700778035,CATS3D_09_AL
0.0011504151981677928,MW
0.0011475736843489335,SHED_NL
0.0011465196609018148,Mor31s
0.0011420771242163586,PW2
0.0011386862249201965,Eig04_AEA(dm)
0.0011364368251643594,R4e+
0.0011337727115686336,HATS7v
0.0011271599900403084,CATS3D_05_DL
0.0011199924389966162,Mor09v
0.0011189758288732154,HATS0u
0.0011189177619265866,R7m
0.001116295540441854,SpMax_B(v)
0.0011121638074034353,ATS4s
0.0011111489581941353,RDF095u
0.0011103112807054419,VE3sign_B(v)
0.001110086964906959,Mor11v
0.0011015873775838745,CATS3D_02_AL
0.0011009904869742455,SM02_AEA(dm)
0.001092200777053994,SM13_AEA(bo)
0.0010890971685463165,VR2_D/Dt
0.0010840338450936442,RDF060v
0.0010834293975883953,Mor12m
0.0010830985964339639,s34_phRelSize
0.0010806232379534798,Mor16s
0.0010788156584166145,Ges
0.0010758648876203422,MDEC-22
0.0010755829016736163,RDF085u
0.0010714837967169418,Mor05m
0.0010691731138538505,CATS3D_08_LL
0.0010682720103007304,VE3sign_Dz(p)
0.0010601667653355525,D/Dtr06
0.0010562306787677185,RDF050s
0.0010557808597807445,CATS2D_06_NL
0.0010515131865145458,Eig05_AEA(dm)
0.0010505361783257408,GD
0.0010466381850219347,SpMaxA_EA(dm)
0.0010458080592716038,Eta_psi1
0.0010419051121404836,RDF060s
0.0010401578508101644,AAC
0.0010400280328047055,R3v
0.0010383402472339395,EE_B(m)
0.001037940773028401,Eta_F_A
0.0010373563837258147,AMW
0.0010262845265928229,H2m
0.0010255216131631493,B04_O-O_
0.001024985288107943,Mor32s
0.0010218102690605958,nRCO
0.0010151068514472259,VE1_D
0.0010128058955173368,SpMax6_Bh(s)
0.001012420372978588,C-025
0.0010114988385336698,RDF030u
0.0010111385966102204,VR2_Dz(Z)
0.0010109459891072172,PW5
0.001010911510362601,GGI1
0.0010105170456060028,J_Dt
0.0010098546768490533,SM11_AEA(dm)
0.001009673185737396,VE3sign_D/Dt
0.0010093006067798081,WHALES80_IR
0.0010080054431594449,CATS2D_08_DL
0.0010042389928560107,P_VSA_charge_3
0.0010034863275786038,B09_C-C_
0.0010011737337551985,HATS1p
0.0010011206834843445,Fsp3
0.0009967139448580427,R1u+
0.0009965681606171493,RDF090m
0.0009928592416822966,QEDu
0.000990318925436837,SM12_AEA(bo)
0.0009895992655074694,Mor14v
0.0009870725826293285,CATS2D_02_DL
0.0009868425649311988,VE2_D
0.0009788220598350476,DLS_02
0.0009767908916904257,Mor05s
0.0009728961432828575,WHALES100_IR
0.0009649930286418704,D/Dtr09
0.0009578873128840657,B10_C-C_
0.0009565891940300946,B08_C-Cl_
0.0009534861537129855,Eig12_AEA(bo)
0.0009513792076895736,Chi_Dz(Z)
0.0009506203614629451,F02_O-O_
0.000949301257097849,ChiA_D
0.0009441695718503545,H1v
0.0009432509003994305,Mor30v
0.0009428745640431015,SIC1
0.0009381213437456752,HATS0v
0.0009365578324807695,SpMax1_Bh(v)
0.0009363038587593504,VE1_D/Dt
0.0009362406808733462,B06_C-O_
0.0009332650886568056,SpPosA_B(e)
0.0009332547580642157,Infective-50
0.000933220710045273,RBN
0.0009300026866982312,RDF065s
0.0009295294535743716,RDF090s
0.0009289761418038612,Mor02u
0.0009270374833578866,R8m+
0.0009256871997602673,Eta_epsi_5
0.0009203642612254956,L1u
0.0009200649356292543,VE1sign_Dz(p)
0.0009137555238577763,Hypertens-50
0.0009086935495286004,B06_O-O_
0.0009049820734284611,C-006
0.0009040473640989458,R4m
0.000903913602659522,Eta_D_epsiD
0.0009035248209805081,SM03_AEA(dm)
0.0009028512984550805,nCb-
0.000901968598687551,O-057
0.0008947406275315744,CATS3D_03_AL
0.0008941126922995878,R6e+
0.000894077325325493,WHALES60_Isol
0.0008935974960159183,HATS8s
0.0008921528217519719,s3_phRelSize
0.0008912358824238663,WHALES10_Isol
0.0008902707312185485,NaaaC
0.0008836017627694974,Eta_betaP_A
0.0008835286664306055,Mor28s
0.000882832928197323,PJI2
0.0008821729818647732,PDI
0.0008813518303112709,WHALES40_Rem
0.0008812657311171924,P2u
0.0008811907880559475,VE2sign_Dz(v)
0.0008774569612714746,R6u+
0.0008761247835713972,SpMaxA_Coulomb
0.000873954262521366,RDF075u
0.0008714265401478355,RDF045s
0.0008638934077594869,nDB
0.00085745279660563,H8v
0.0008574338073866059,TDB02s
0.000856051897009751,RDF105m
0.0008551127848957244,VE3sign_A
0.0008544450986273913,Mor23s
0.0008524256542248895,F02_N-O_
0.0008511725578741778,WiA_Coulomb
0.0008502034469785518,SpMin1_Bh(v)
0.0008499517057983483,CATS2D_03_DL
0.0008479231325255925,R8u
0.0008405692254704546,ChiA_B(e)
0.0008373464371164194,RDF115u
0.0008344806573989559,NaasC
0.0008342149179022057,WHALES90_Isol
0.0008320814398912287,S3K
0.0008309680052316543,CATS3D_03_DL
0.0008285534710136386,P_VSA_v_3
0.0008265147270960211,MAXDN
0.0008256665059624384,J_Dz(v)
0.0008237287555934272,Mor20s
0.0008230007567272088,RDF120m
0.0008228845077564627,Uc
0.0008211012682820192,GATS2s
0.0008197840542796637,RDF030m
0.0008169121391018399,TDB07s
0.0008159975094891624,VE3sign_G/D
0.0008152965069405927,piPC06
0.0008134601567029268,IC1
0.0008133470452850092,nRCOOH
0.0008128992562207552,SM06_AEA(dm)
0.0008126585910820061,SpMax2_Bh(s)
0.0008098580254670194,CATS3D_08_NL
0.0008086743665235458,X4A
0.0008086202252272997,CATS2D_04_AL
0.0008071017587782852,ChiA_B(s)
0.000806235704491657,CATS2D_07_DL
0.0008049599129743653,CATS3D_10_AL
0.000804938263902348,HATS4s
0.000802926926776065,RDF115m
0.0008001765044815689,NssCH2
0.0007992075031191735,MaxdssC
0.000797256411229723,GATS7i
0.0007968074669947795,Neoplastic-80
0.0007950311274711948,SpMax1_Bh(p)
0.0007940671348964586,WHALES50_Isol
0.0007928620845208112,SpDiam_B(m)
0.0007906937756235793,Mor29v
0.0007894793454393002,R2u+
0.000789354576040849,minaaCH
0.0007886006849782314,R2p
0.0007884048890775289,G1
0.0007858101747272438,WHALES100_Isol
0.0007835497957926391,ATSC8e
0.0007773313439196284,Mor14m
0.0007755618792183208,SPAM
0.000775376961487534,TDB05i
0.0007752110517905172,R7u
0.0007720194005461579,GATS6p
0.0007706900751462535,CATS2D_05_DL
0.0007675311671819159,CIC2
0.0007659932571787918,Mor20m
0.000765250650155378,phLevel2
0.0007648145885776933,nAA
0.000763663438005969,H2s
0.0007613831935154202,VE3sign_B(s)
0.0007604939074416421,GATS2v
0.0007580479804622286,RDF010s
0.0007579941552504992,Mor14s
0.0007548909074920031,Mor02s
0.0007530219016896713,TDB06v
0.0007519188802883242,Mor24u
0.0007492931934600991,H7v
0.000748913432866015,R5e+
0.0007461208433274906,X0Av
0.0007459874072202494,E1s
0.0007448950228979476,GATS8m
0.0007447461523946849,RDF040s
0.0007447282349358998,CATS3D_11_AA
0.0007423480330027753,Mor25m
0.000740251660080573,SpMax_EA(dm)
0.0007386897401448569,HATS8u
0.0007371298597589571,Eta_alpha_A
0.0007365614432827577,MATS5p
0.000736297144859932,TDB06p
0.0007360901956619447,RDF020u
0.0007326298036851223,RDF035s
0.0007322457980684068,s4_phRelSize
0.0007311721837961268,R3e+
0.0007309916050766247,SM10_AEA(bo)
0.0007308843534692481,s4_numAroBonds
0.0007272845893542145,SHP2
0.0007258528613149188,VE3sign_D
0.0007243633620406256,J_RG
0.000724192853320017,R6m
0.0007199994568344431,H_Dt
0.0007165255879440435,SpMAD_EA
0.0007143163454125504,SpMax_L
0.0007131095181146529,PCWTE2
0.0007125484266675707,B09_O-O_
0.0007116802486036777,GATS4m
0.0007114932010137878,Chi_G/D
0.0007099786556413249,PW4
0.0007091823051005368,R4u+
0.0007089993834948373,ChiA_D/Dt
0.0007088689024252303,H4m
0.000704136068340476,P_VSA_v_2
0.000701781763258566,J_Dz(p)
0.000701621944204302,R4u
0.0007007434953174743,mindO
0.0006999283575929034,VE1sign_Dz(e)
0.0006920674649555918,H5s
0.0006867658918044599,Eta_D_epsiB
0.000686717265314954,CATS3D_02_AA
0.0006854378036530329,SpMAD_B(s)
0.0006852839773513769,HATS0s
0.0006821504207655467,X5A
0.0006816740290785063,MATS4m
0.0006798851181569655,B07_O-O_
0.0006776120001826467,P_VSA_charge_6
0.0006767819600357719,SpMAD_EA(dm)
0.0006766220697841442,S2K
0.0006745662732044506,s4_numSharedNeighbors
0.000672858438449732,RDF035m
0.0006696047273362707,P_VSA_MR_7
0.0006695276319832731,Mor27u
0.000667530184563585,R3s+
0.0006667494446182768,SpMax2_Bh(m)
0.0006665856864166426,RDF100m
0.0006656118103201938,SHED_DA
0.000664862123970529,VE2_RG
0.0006641844783851185,mindssC
0.0006635824235969435,VR2_G
0.0006594506666235283,B04_C-N_
0.000658217727790763,MATS1e
0.000657173100235819,MATS4e
0.0006566572417611426,CATS3D_10_AA
0.0006561728679037853,Mor31m
0.0006556289114022291,WHALES70_Rem
0.0006551056491607004,H2u
0.0006544712879749513,R5s
0.0006543961125240916,SM09_AEA(dm)
0.0006540077853742192,DISPs
0.0006522107983514024,J_Coulomb
0.0006520291758453622,TDB04s
0.0006512420286906809,Wap
0.0006487645649518721,E1p
0.0006484157721747649,Mor17v
0.0006483075144683496,VE1sign_Dz(Z)
0.0006479589665279952,Mor27s
0.000647839924673243,CATS3D_00_AA
0.0006461805916048105,GATS1m
0.00064581484350089,Psi_i_t
0.0006457204334929922,GATS6v
0.0006446923257979007,MATS1i
0.0006424689919768576,Mor03m
0.0006411882201191483,Mor15m
0.0006400207800825641,nROH
0.0006392065273495818,CATS2D_00_AA
0.000639164604973843,VE1sign_G
0.0006364457198939526,CATS2D_04_NL
0.0006361467885876559,B04_C-O_
0.0006349480538345869,GATS3e
0.000633081450405865,HATS2v
0.0006324389886393402,R3v+
0.0006296346669484423,VE2_D/Dt
0.0006293477885437622,TDB09s
0.0006292712548303994,MATS5e
0.0006289700786562153,H0m
0.0006285159820981236,Mor06s
0.0006284636257487767,DBI
0.0006270060199183021,RDF065m
0.0006261899868544772,VR2_D
0.0006249770472182789,DISPe
0.0006226995826040795,R4m+
0.0006224075657805352,SpMax5_Bh(s)
0.0006220746564063698,LLS_02
0.000621233912170169,JGI1
0.0006188428927711415,B06_C-Cl_
0.0006187428943522117,H0s
0.0006176859435028235,R6v
0.0006169972386316576,Mor18v
0.0006158129553022117,RDF055v
0.0006156032859292686,Dv
0.0006148906337698415,E1v
0.0006144873368970493,CATS3D_05_AL
0.0006135979165283566,SAscore
0.0006134930838757389,CATS2D_05_NL
0.0006104015168964281,TDB05v
0.0006097477311544126,SssssC
0.0006094259128086314,CATS3D_09_LL
0.0006088714335476927,H4s
0.0006088087053426673,SdssC
0.000607987071321094,MATS2m
0.0006065464378508865,B05_C-N_
0.000604857317810345,VE1sign_G/D
0.0006016299699572879,GATS1s
0.0005984327300515986,R2v
0.0005976963815930989,SHED_AA
0.0005970204665724428,Mor11s
0.0005968695447103142,Xt
0.0005952380952380953,B04_O-S_
0.0005939370448024763,CATS2D_06_DL
0.0005929119673100306,CATS3D_07_DL
0.0005928769796563752,HATS6p
0.0005903296249104979,Psi_i_A
0.0005882523597871268,SM05_AEA(dm)
0.0005870456059131914,VE1sign_D
0.0005868097518349277,SssCH2
0.000585493932922995,VE1sign_Dz(v)
0.0005849728217373431,R1p+
0.0005839212652669979,HATS1s
0.0005834600181684134,P_VSA_m_2
0.0005819620264142375,Chi_Dz(v)
0.0005816314068207183,Mi
0.0005797393135106226,R4s
0.0005788643964107348,B02_C-Cl_
0.0005786950817158371,SpPosA_B(i)
0.000576140789873794,GATS6i
0.0005754809237849483,Eig02_AEA(dm)
0.0005747400230361072,CATS3D_06_DL
0.0005744542468782804,HTs
0.0005735186039113732,Qmean
0.0005721963329027533,Eta_B_A
0.0005717935132161471,CATS2D_02_AL
0.0005715190812483021,TDB08u
0.0005707742447157839,B04_N-O_
0.0005702300650361837,VE2sign_Dz(p)
0.0005701528495956703,R7s
0.0005693871195765263,Mor22s
0.0005689747504257885,CATS2D_01_DN
0.0005680612045470653,SpAD_EA(dm)
0.0005675355079228762,PCWTE1
0.0005663898082833939,CATS2D_09_DL
0.0005654033562085299,SM07_AEA(dm)
0.0005651435219227505,JGI6
0.0005625205707739491,WHALES00_IR
0.0005616949133143943,BLI
0.0005616131544829143,RDF055m
0.0005612257040392763,TDB05p
0.0005604795990934771,G2u
0.0005594036969667128,MATS1v
0.0005589611638135973,SM1_Dz(Z)
0.0005583913875198913,P_VSA_MR_5
0.000558094042562551,SHED_AN
0.0005554469079040173,mindsCH
0.0005549525581918914,DISPv
0.0005533816491555958,B02_O-O_
0.0005531308220690485,R7u+
0.0005525453245627868,H3s
0.0005506473314972995,R7s+
0.0005501763603222989,H%
0.0005498372747478183,P_VSA_ppp_N
0.0005497048818657362,Mor02m
0.0005495144671166421,F08_C-Cl_
0.0005494319623201474,arLevel2
0.0005480428295681629,TI2_L
0.000547137723554632,nCsp2
0.0005465821302493471,SRW05
0.0005446540783338709,CATS2D_01_NL
0.000542370947497255,CATS3D_04_DL
0.0005420392682581271,HATS2m
0.0005410810372788111,Mor29s
0.0005374322935587008,RDF085m
0.0005372212994008737,Mor13s
0.0005370842528809412,JGI3
0.0005366146847973312,MATS3i
0.0005359927277061331,P_VSA_charge_9
0.000535969830393645,CATS2D_03_AL
0.000535751151747137,MATS3p
0.000535239845025096,HATS1v
0.0005349832589673909,VE1sign_RG
0.0005347106621344888,MDEO-11
0.0005334849551908047,P_VSA_s_3
0.0005328287928921171,Eig13_AEA(bo)
0.0005319676603240662,F06_C-O_
0.000530943482892553,HNar
0.000530307890360224,GATS8e
0.0005288529554430887,R5u+
0.0005288091816644008,P_VSA_LogP_4
0.0005286655076189797,SpMaxA_EA(ed)
0.0005276137551173808,J_G/D
0.0005274964033834504,WHALES70_IR
0.0005254708015587336,ARR
0.0005253245015561222,RDF080m
0.0005252722359752922,VE1sign_A
0.0005225901369361317,CATS3D_12_AL
0.0005223559961147412,O%
0.0005222953476701051,P1u
0.0005191850903688552,B06_C-C_
0.0005189281485795996,R2v+
0.0005177858046120258,RDF060m
0.0005177584113601194,Mor11u
0.0005170893619244395,P_VSA_charge_7
0.0005144556442179091,Mor26v
0.0005133018015881926,nCconj
0.0005107457826186328,SM08_AEA(dm)
0.0005105742063720314,GATS4i
0.0005098041052920022,MATS3v
0.0005097050587464819,MDEC-33
0.0005085917630850591,RDF075m
0.0005075715513935196,HOMT
0.0005065259652134043,TDB05s
0.0005063572308881563,MATS1p
0.0005063296822216465,RTs+
0.0005061201408842273,R2s+
0.000505725781924301,P_VSA_ppp_D
0.000504445280080964,s3_numAroBonds
0.0005036289099227079,PJI3
0.0005029932978578882,ZM1Mad
0.0005016108648596515,MATS3m
0.0005007242199642357,P_VSA_MR_6
0.0004994731133810908,P_VSA_LogP_1
0.0004984267975452803,NdssC
0.0004981455133020396,TDB05e
0.0004973784636413851,Mor25v
0.0004959243457656526,HATS7u
0.0004958005666730272,P_VSA_charge_2
0.0004905898443702387,H5m
0.0004897535168093751,s2_numSharedNeighbors
0.0004889500251349698,WHALES70_Isol
0.0004866618442544603,F01_C-N_
0.00048648842730241007,R4s+
0.00048382041741041053,HATS4v
0.0004829947158311746,MDEC-13
0.00048276134720779583,nBM
0.0004814314363861805,GATS3s
0.00048123274577608455,GATS2m
0.0004807253869664646,HATS5u
0.0004806832941844819,G2m
0.00047985991005510095,SpDiam_EA(bo)
0.0004796908954750923,SpAbs_Coulomb
0.00047871931642579584,Eta_D_AlphaB
0.0004783323506252391,ChiA_B(v)
0.000477267818362567,HATS6v
0.0004766688887699903,TDB01m
0.0004763902566126908,F05_O-O_
0.0004750430699237485,F01_C-O_
0.000474878550122724,Mor26p
0.0004743542265697767,RNCG
0.0004729842581312697,B06_N-O_
0.00047296078931533946,RDF140u
0.00047264121455611267,RPCG
0.00047221289933871847,HATS6m
0.0004712324470791254,CATS3D_09_DL
0.0004702002909804023,CATS3D_07_NL
0.00046794056530840585,arLevel1
0.00046528723503739216,Eig14_AEA(bo)
0.00046198445739950757,nHet
0.000461934249488177,Chi0_EA(dm)
0.00046191384305643515,Mor03s
0.00046084160876508866,F02_C-O_
0.00045937383382367195,C-005
0.00045900204980426756,P_VSA_MR_3
0.0004588979049874336,HATS8m
0.0004588463119330892,Dm
0.00045847175095473265,GATS2p
0.00045786764531106894,F04_C-O_
0.0004572946431652237,HATS7s
0.0004572871765893344,Mor08u
0.0004569688604320085,AVS_B(v)
0.0004547849466291559,VE3sign_Dt
0.000454226819901137,R2u
0.0004542009629940375,CATS2D_07_NL
0.00045268477666967716,TDB07u
0.00045042518151231214,WHALES30_Rem
0.00044738136499337337,TDB04e
0.0004469300028758645,GATS1e
0.00044554569927400723,MATS6v
0.00044546936901242905,Eta_D_beta
0.0004451764487256683,R2e
0.0004444738511076848,GATS5p
0.00044319929310543974,TDB04v
0.00043983296735166906,HATSe
0.0004397783165043869,GATS7m
0.0004395918816494368,X3A
0.00043796042439911816,SpMax3_Bh(s)
0.00043738700735044476,VE3sign_X
0.00043679009154507507,RBF
0.00043657411786573286,CATS3D_02_DA
0.0004361516164961862,minssssC
0.00043546290447850236,HATS1m
0.0004346053686802344,Eta_sh_x
0.0004337919892535301,HATS3m
0.00043087640609004425,N%
0.00043075146370995086,CATS2D_04_DL
0.00042981926057779633,TDB07m
0.0004290431662746696,ATSC5s
0.0004273190844459599,L2m
0.0004239452831639113,B07_C-N_
0.00042207275195202984,QXXm
0.00042177620898178084,H1u
0.00042149317175982413,P_VSA_MR_2
0.00042132967369659966,SM1_Dz(v)
0.0004204498303417295,Mor30m
0.00041985244744698654,Mor04s
0.000419778182409706,SaasC
0.00041965277718383927,TE1
0.00041810425167564905,ZM1V
0.0004180081096679268,Eta_sh_p
0.00041790072205484,VE1sign_Coulomb
0.0004175734085169225,SM04_AEA(dm)
0.0004158229930011746,TDB04p
0.00041532819517124095,GATS4s
0.00041495234480208023,R8s+
0.00041474420120733604,SPP
0.00041467308946887974,Ui
0.00041346181609757564,HTm
0.00041330299744519767,H-052
0.00041328513963874566,P_VSA_i_4
0.0004131518725878179,H7m
0.0004111641668718921,R8m
0.00041093837448321756,R1u
0.0004094923953297975,E1e
0.00040903359543288025,P_VSA_ppp_cyc
0.00040809096403484274,RDF070m
0.00040798124661941594,TDB05u
0.00040783833805548524,Acon
0.00040715613586296556,Mor30s
0.0004062564544904077,F03_C-N_
0.00040618964201780117,E1u
0.000405762420732374,minssO
0.0004051201124334511,Mor07u
0.0004048909492934761,VE1sign_B(v)
0.00040419726050471407,E3u
0.0004038218986954175,SHED_AL
0.0004026140202232782,qnmax
0.0004013182062123585,HATS4p
0.0004012613865190605,Mor18u
0.00039946799342330263,s3_numRotBonds
0.0003971415834176962,H7s
0.00039685509051042765,GATS5i
0.0003966091748870102,GATS2e
0.00039623471182324637,Mor30u
0.00039447233209221634,SIC3
0.0003941609305777007,Eig02_EA(dm)
0.00039217635003674947,Mor32m
0.00039210921002910573,WHALES00_Rem
0.00039093144468355047,E3v
0.00039084167649552465,SaaaC
0.00039061653713862166,F10_O-O_
0.0003897098001543047,GATS1i
0.0003895179329619825,H1s
0.0003890348847253728,IC2
0.00038775907482050743,WHALES10_IR
0.0003870094466323131,B04_C-C_
0.00038586200813125365,TDB01e
0.0003858295838088469,SpDiam_X
0.00038558202210893413,Eta_epsi_2
0.00038556332955062643,MATS2e
0.0003852790483928596,RDF125u
0.000384911365989854,ATSC1s
0.0003845159819287136,HATS3v
0.00038422852383450574,Neoplastic-50
0.00038422443978921585,ChiA_B(m)
0.0003840231179707314,Mor15u
0.0003830976755522062,MATS4s
0.00038302435471352,VE2sign_X
0.00038300031301330336,PBF
0.00038155414739050604,Mor26m
0.00038073301482353353,C-016
0.0003793341085710294,DISPm
0.0003785398971384779,O-058
0.0003784630704319708,F02_C-Cl_
0.0003766982575637263,AVS_B(m)
0.0003765114663893223,Qpos
0.00037504727008345684,SpMAD_B(v)
0.00037463887405583406,HyWi_Coulomb
0.0003730711650858633,F06_C-N_
0.0003718199439929804,C-041
0.0003711373561959811,SpDiam_AEA(dm)
0.000370131079909641,R6s+
0.00036985419046329615,P_VSA_m_3
0.00036842439119492515,VE1_RG
0.00036771231915407623,nN
0.0003667725067005425,B03_O-O_
0.00036639107964264885,EE_Coulomb
0.0003650495719069239,MATS5v
0.00036237828983899537,CATS3D_06_DA
0.00036226661542991875,RDF110m
0.0003621662531638937,s2_phSize
0.0003616667731810774,MATS1m
0.00036019304898383947,WiA_G/D
0.00036015672391967706,TDB03m
0.00036005526008163447,TDB02p
0.0003595768036924536,Mor07s
0.0003590158379015227,SpPosA_Coulomb
0.0003587414796749905,Mor23v
0.0003587114059554811,CATS3D_10_DL
0.0003586693670694119,Hypnotic-50
0.000358566590359962,CATS2D_09_LL
0.00035788242765827426,B06_C-N_
0.00035718043281866537,HATS0m
0.0003571676806751338,PCR
0.0003571236770259465,SpPosA_X
0.00035660818267646305,F06_O-O_
0.0003560446838765098,GATS5m
0.0003553530225994778,GATS1p
0.0003553236873720257,AVS_B(e)
0.0003543053190643272,NNRS
0.00035344448263761847,B07_C-Cl_
0.00035288793202074094,SpPosA_B(m)
0.00035287227436636346,MATS3s
0.0003528581197711069,JGI5
0.0003522536583234326,SpMAD_AEA(ed)
0.0003518626172132633,RDF135s
0.00034956288158576363,Mor07v
0.00034865058827450175,SpPosA_D/Dt
0.0003484908998479551,CATS3D_04_AL
0.000347608619552294,CIC4
0.000347230320623928,VE3sign_Dz(i)
0.00034703130926912315,F04_N-O_
0.00034633158182919226,MATS7p
0.00034366990578392243,ATSC5e
0.00034294206486948706,nLevel9
0.00034289216091667226,SpMAD_AEA(dm)
0.00034282674678924206,R1v+
0.00034263800322378174,nR=Ct
0.00034206107253084375,GATS4e
0.0003414691984674671,phLevel1
0.0003393749412385023,R2m+
0.00033909615983222986,R5m
0.00033896928262480567,Eta_FL
0.0003388272369895407,MATS8i
0.00033829209774286943,F04_C-Cl_
0.00033611181765709486,Mor17s
0.00033607206986937426,AVS_X
0.0003355435621779101,H8s
0.00033494681894064097,Eta_sh_y
0.00033421838858319064,MATS4p
0.000333669247658178,nCbH
0.00033316745687530494,GATS7e
0.0003325147749050888,Eta_F
0.0003322029744911188,CATS3D_03_AA
0.00033212511862263353,s4_phSize
0.0003320138906188449,RDF130u
0.0003311591343932917,SpMAD_EA(bo)
0.00033085504298459957,R2m
0.00032949192298087934,B05_N-S_
0.00032942622904499295,TDB02m
0.0003285103225393269,ATSC2e
0.0003283449387929365,GATS1v
0.0003268005769673962,E1m
0.0003247995130303636,Mor06m
0.00032387688900987484,HATS3u
0.00032234231803110957,PW3
0.0003214884125355745,MATS2s
0.00032074249985226326,RDF080u
0.0003190187962882103,minsssCH
0.0003183683904837076,TDB05m
0.0003180893436206208,IVDE
0.00031754742365434273,MATS7v
0.0003167137995574806,Dp
0.0003166980481299842,MATS8p
0.0003158776714913236,Mor18m
0.0003157408827467429,P_VSA_e_3
0.00031559333122651385,R6s
0.00031558154676467255,HyWi_B(s)
0.00031511084096781287,LOC
0.0003149890453609826,VE3sign_RG
0.0003118559601900932,nOHp
0.00031177509095413,Eta_beta
0.00031138572058785546,SpPosA_B(v)
0.000310777406758547,Psi_i_0d
0.0003100616926580188,P_VSA_e_2
0.00030933787268745764,WHALES60_Rem
0.00030812896608485823,GATS6e
0.00030763770662663176,Mor07m
0.00030737055009953874,CATS2D_02_AA
0.0003059624326100952,MCD
0.0003038556314314786,P_VSA_LogP_2
0.00030208725815206237,CATS2D_05_AA
0.0003011912229494057,MATS5i
0.00030075290503562207,GATS3m
0.0002998365533807954,H3m
0.00029971283422333965,MATS4v
0.0002973467186033241,HATS2s
0.0002968337723528619,Eig15_AEA(bo)
0.00029671097594103626,F05_C-Cl_
0.00029570769163180535,T(O..O)
0.00029527978173518235,VE1sign_B(m)
0.00029468136270866343,P_VSA_LogP_5
0.0002946683567644556,RDF095m
0.0002942735985860343,Mor29m
0.0002940876881803215,TDB06u
0.00029314055742683934,CATS2D_02_NL
0.0002924136477903504,MATS6m
0.0002918882015950609,P_VSA_s_4
0.0002909945148228421,GATS5e
0.00029030826887436,Mor09m
0.000290029545981049,SssO
0.0002897899965548508,RDF040m
0.0002892214252436139,R1s
0.0002887154933650444,B05_C-Cl_
0.00028717720766673435,minaasC
0.00028712854230602706,ATSC6e
0.00028637020328066144,H-051
0.0002863570214730973,CATS2D_05_DA
0.000285168353229608,WHALES60_IR
0.00028275338317212354,GATS3p
0.00028246986668720197,RARS
0.00028138483361995727,SpPosA_RG
0.0002808210338430008,WHALES20_IR
0.0002794765572913424,SpMax_B(s)
0.00027883987450927155,L3u
0.00027833932359781744,nCp
0.0002778078482226687,HATS4u
0.00027719837393656746,MATS2p
0.0002771581985933695,R2p+
0.00027677504402849606,VE1sign_X
0.0002763211387882577,MATS5m
0.0002756983861599436,EE_B(s)
0.000275443370878649,E2s
0.00027525971009254556,AVS_Coulomb
0.000275149099850602,WHALES100_Rem
0.00027429078990840806,B02_N-N_
0.0002726477208661995,L/Bw
0.00027241622857580026,RDF125m
0.0002718728009880465,SpMAD_B(m)
0.00027175817518855467,MaxaasC
0.0002703662450849504,Mor23m
0.00027005029432156027,P2m
0.0002695898981461446,Mor08s
0.0002675895457803472,RDF055u
0.0002673376496875473,S-110
0.0002666336040727379,CATS3D_02_PL
0.00026662723633926063,s4_numRotBonds
0.0002654903732454235,H1m
0.0002650278143212258,RDF030s
0.0002649428745992104,CATS2D_05_AL
0.0002643307756948627,phLevel3
0.0002641374608883127,RDF020s
0.0002639546540774061,SpMax_B(m)
0.00026256485102633324,Eig03_EA(dm)
0.00026203790785244715,Mv
0.00026201017460110736,F02_C-N_
0.00026163650705983264,TDB06s
0.0002613240168678577,HATS3p
0.0002607004321215079,RDF110u
0.00025998967216914426,mindsN
0.0002598002907256671,RDF055s
0.0002597517249820116,TDB01i
0.0002594931204737267,F03_O-O_
0.00025930272563091207,VE1sign_Dt
0.0002584101608067445,MDEO-12
0.00025773946461149705,F10_C-O_
0.0002563333021831649,max_conj_path
0.0002562804901648673,Eta_betaS_A
0.0002551571925654674,VE3sign_Dz(Z)
0.00025362727818631825,ASP
0.0002533041079871532,nR=Cs
0.0002511140700604856,Q2
0.0002501541637049126,Mor11m
0.00025010376200606323,E3p
0.0002484987432651233,IDDE
0.0002481616531332175,GATS5v
0.000247866158419674,nX
0.0002470505564955233,H-047
0.00024664096490586876,Mor10u
0.00024622335625223063,WHALES10_Rem
0.0002461689048389729,B03_C-Cl_
0.000245982981994925,Mor26u
0.0002459703482173564,WHALES20_Rem
0.00024582054405276915,Mor15s
0.00024537400578701244,MATS2v
0.00024348504500210197,CATS3D_04_DA
0.00024292405816452788,R3m+
0.00024220889722360154,Mor24s
0.00024174773680824362,F02_C-S_
0.0002414093145040894,R3m
0.0002406616586599541,CATS3D_05_DA
0.00024025989055914367,H6m
0.0002396733143009895,R8u+
0.0002387961144631737,MATS6i
0.00023652125358022353,B01_N-S_
0.0002354052863124024,Cl-089
0.00023518088112659804,CATS2D_02_DA
0.00023511947780164937,B04_N-N_
0.00023498506432410214,RTm+
0.00023488182949781428,VE1sign_D/Dt
0.00023453907356634903,R3p+
0.00023446812728990723,s2_phRelSize_2
0.00023431230726210064,N-072
0.00023365297167350456,B01_C-O_
0.00023354618965663293,CATS3D_05_DD
0.00023345714990426138,F04_O-O_
0.00023331435674801645,E2u
0.00023271548087094924,C%
0.00023150257423650242,P_VSA_ppp_con
0.00023068710409475198,SHED_DD
0.00023067262932750934,RDF045m
0.00023025653079054606,MATS2i
0.00022918517062666562,CIC5
0.00022856733981356257,nHDon
0.00022791805264443945,CATS3D_04_AA
0.00022768936133659462,TDB08s
0.00022395605935151506,F03_C-O_
0.0002231667082504578,C-040
0.00022307514110132232,B01_C-S_
0.00022297648820438642,GATS2i
0.00022295593137593042,CATS3D_11_AL
0.00022284284639326958,ATSC7e
0.0002227229540926231,SpPosA_G/D
0.00022177915288876742,WHALES50_IR
0.00022150843197715783,MATS8m
0.00021964007981450977,qpmax
0.00021864238068318125,ATSC2s
0.00021836059179073153,Mor10s
0.00021800561026960342,MATS7m
0.0002168652455979604,JGT
0.00021662376359456227,DELS
0.00021633461869852624,D/Dtr05
0.0002157561257565361,SdsN
0.00021557494376610756,P_VSA_LogP_3
0.00021490888581342086,J_G
0.00021486470777232187,WHALES00_Isol
0.00021460879541051697,N-069
0.00021409076421541188,Mor26s
0.00021338269177548132,s1_size
0.00021153778993563985,Psi_i_1s
0.00021115600974311194,HATSm
0.00021076728823116208,F03_N-N_
0.00021013315206720493,nO
0.0002089977305486948,DISPi
0.00020843153815811133,GGI5
0.00020821213824532964,JGI4
0.00020553678972958439,TDB01p
0.00020546929604717376,CATS3D_06_AA
0.00020413196453122795,TDB01v
0.00020387577437476484,VE1sign_B(s)
0.00020362618960768054,gmax
0.00020255464629736906,CIC3
0.00020238295015865195,F05_C-O_
0.00019988504521690695,ATSC4e
0.0001995193991467092,P_VSA_charge_10
0.00019902824639968228,SssNH
0.00019891631800233602,CATS2D_06_AA
0.0001975961180141809,Mp
0.0001974310313178661,Mor17m
0.00019741637663041537,Eig11_EA(dm)
0.00019710068109794125,SHED_DN
0.00019598312453402691,TDB06m
0.00019455509558560235,nOHs
0.00019340361948007588,nOHt
0.0001915280186357171,GATS4p
0.00019141323263369205,HATS3s
0.00019006923162156412,GATS3i
0.00018915486927451202,R1s+
0.00018790075803822384,CATS2D_07_DD
0.0001872701759462471,CATS3D_10_LL
0.00018712005140742295,CATS2D_03_AA
0.00018577050919037403,MATS8v
0.00018514407251703037,rGes
0.00018353230665273365,B09_C-N_
0.0001828890601332563,C-008
0.000182509574494432,nTA
0.0001807993013417962,E2m
0.00017965547508921715,MDEC-11
0.00017934480251502712,TDB01r
0.00017824060524614533,P1m
0.00017795068808246564,G3u
0.00017772382440192134,CATS2D_02_PL
0.0001771686436628473,VE2sign_Coulomb
0.0001754779318416285,T(O..Cl)
0.0001753197269238802,Mor13p
0.00017334389760032405,MATS4i
0.00017188872243701562,P_VSA_charge_14
0.00016988625235494418,L2u
0.00016959200401944538,CATS2D_06_DA
0.00016745978040998553,CATS2D_04_AA
0.00016705769723178546,GATS4v
0.00016560695754509524,MATS6e
0.0001652388903763254,MATS7e
0.00016442078683885387,B05_C-O_
0.00016356717557952462,ATSC4s
0.00016323669012886105,TDB03v
0.00016279675379410541,SpPosA_B(p)
0.00016259596345743365,E3s
0.0001622287736790767,RDF020m
0.00016088011113440102,VE2sign_B(s)
0.00015635429955206963,Mor32u
0.00015542000771534873,VE3sign_Coulomb
0.00015503014637247868,N-074
0.00015447059954911953,SPH
0.00015396031173838307,TDB02v
0.00015306758048930357,CATS2D_03_PL
0.00015255290917482787,HATS5p
0.00015093502155382518,CATS3D_12_DA
0.00014935769930541178,MATS1s
0.00014862738886827645,TDB04m
0.0001477332332168614,SIC2
0.0001475591717370001,CATS2D_06_AL
0.00014744350202770812,P_VSA_ppp_hal
0.000147218767792443,R6m+
0.0001471652008058639,R1m+
0.0001462997018758125,VE3sign_G
0.00014604374492053674,SHED_AP
0.00014450231171544192,HOMA
0.0001443858906734725,F04_C-S_
0.000143296820387071,G(O..O)
0.000141760935126367,F04_C-N_
0.0001404415002723965,SsssN
0.00013942804735077403,G1u
0.00013913558549410735,nHM
0.00013811008130158728,CATS2D_06_DD
0.00013708847059767446,CATS2D_09_AA
0.0001367956750002377,HATS5m
0.00013655908593131707,H0v
0.00013596916533347193,WHALES90_Rem
0.0001344773710430962,ATSC1e
0.00013335475670191253,CATS3D_05_AA
0.00013175793041835294,nLevel10
0.0001308319686035684,BAC
0.00013007259436084823,P_VSA_charge_4
0.00012962651344840164,HATS5s
0.0001295452163382188,nArCOOH
0.0001286452254662529,CATS3D_06_DD
0.00012800560444652096,R2s
0.00012767979382651188,Mor18s
0.0001264605558425922,B04_C-Cl_
0.00012644494149034318,nCL
0.00012637351159775314,MATS6p
0.00012498031771022546,G(N..O)
0.00012485962694208075,CATS2D_03_DA
0.00012367570513565262,F02_N-N_
0.00012360636715338992,CATS3D_09_AA
0.00012318441445957525,Du
0.0001230708172026919,F07_C-Cl_
0.00012297906817082638,H0e
0.00012178378194315151,E2e
0.0001206409244450296,Mor32v
0.00012021877357011171,TDB03p
0.0001200907236784343,P_VSA_ppp_P
0.000119819677228085,RDF120s
0.00011963949074606021,B03_N-N_
0.0001191840784499725,CATS3D_03_DA
0.00011907251995700562,P_VSA_s_1
0.00011846707415098481,minsCl
0.00011804761002453503,HATS6u
0.0001178290354686134,R3s
0.00011777758394982755,F05_C-N_
0.00011688557611341933,P_VSA_ppp_ar
0.00011588492562133474,ATSC3e
0.00011523402283241321,SHED_PL
0.00011459715356431427,H0p
0.00011437985587716575,MATS8e
0.00011319207881397864,ATSC3s
0.00011317821683391305,DLS_01
0.00011295910710661673,H0i
0.00011258857775954306,R5s+
0.00010985707258226537,B08_C-N_
0.00010908392379468325,Ds
0.0001076084517932101,R7m+
0.00010759981072331687,Eig09_EA(dm)
0.00010689725968613616,Mor16u
0.00010637155363934203,B03_N-S_
0.00010592433146102597,F09_C-N_
0.00010455180689107773,F06_N-O_
0.00010245063851430282,minssNH
0.0001023573532842125,E2p
0.00010198419937265722,G1m
0.00010179280583951727,DISPp
0.00010092155286323586,TDB04u
9.998136622016303e-05,GATS3v
9.931286150628325e-05,CATS3D_04_NL
9.862745637812311e-05,B07_N-O_
9.840412262252698e-05,SIC4
9.822402957718426e-05,nArOR
9.761879465192942e-05,VE2sign_A
9.61168271013552e-05,CATS2D_07_DA
9.569763414842358e-05,DLS_07
9.463127562454877e-05,SpMax_AEA(dm)
9.405763694692416e-05,HATS5v
9.402513304738131e-05,nRCOOR
9.213242214282129e-05,F07_C-N_
9.049623186114157e-05,P_VSA_LogP_8
8.928234257599217e-05,H-049
8.876307983480811e-05,GATS6m
8.720104732266866e-05,Eig15_EA(dm)
8.700961771383491e-05,CATS3D_04_DD
8.549335024049802e-05,SM5_X
8.534710532669629e-05,NRS
8.505372375330678e-05,E2v
8.49356817765322e-05,CATS3D_12_AA
8.428305220895223e-05,minsNH2
8.423002395770612e-05,RDF150u
8.360522894173545e-05,P_VSA_m_4
8.240571778657495e-05,X2A
8.193307314538062e-05,Eig04_EA(dm)
7.750824066169107e-05,CATS2D_01_AA
7.379099268728042e-05,P_VSA_charge_11
7.267602687970803e-05,B02_C-O_
7.249789650197934e-05,O-060
7.166388516471962e-05,CATS2D_08_DA
7.158044053590237e-05,nR05
6.938061526471468e-05,F03_C-Cl_
6.772268600259651e-05,CATS2D_05_DD
6.562417454073195e-05,WHALES50_Rem
6.496871450140442e-05,HATS4m
6.489729014618271e-05,F06_C-Cl_
6.427312279812423e-05,B08_N-O_
6.381206178533415e-05,CATS2D_06_AP
6.13080644970119e-05,Mor11p
6.074800737478559e-05,MEcc
6.0653974517161924e-05,C-011
6.024987713770812e-05,HATS6e
5.7099617693757624e-05,MATS7i
5.7019902285156737e-05,T(N..N)
5.697883882319115e-05,CATS2D_04_DD
5.671166567780374e-05,MATS3e
5.663719683581872e-05,DLS_06
5.648133275901948e-05,Gu
5.6043366306419285e-05,JGI2
5.598943114570965e-05,F07_O-O_
5.564314307380766e-05,P_VSA_charge_5
5.551595225957952e-05,T(N..S)
5.5411791857547844e-05,CATS2D_04_DA
5.534432148633023e-05,F03_N-O_
5.4926818021565635e-05,X%
5.376016243777834e-05,CATS2D_03_DD
5.254397670539017e-05,nS
5.253718309301562e-05,N-070
5.1203970816597506e-05,F09_N-O_
5.0196481511788936e-05,TDB06e
4.9852840461660516e-05,N-075
4.973567484839904e-05,T(N..O)
4.94573482632403e-05,B03_N-O_
4.822649412704309e-05,B06_C-S_
4.535366378274946e-05,P_VSA_charge_13
4.465883450530069e-05,Eig12_EA(dm)
4.412145327210826e-05,nArNH2
4.360321519859195e-05,E3m
4.3195253233362985e-05,B04_N-Cl_
4.1590864684732676e-05,F05_N-O_
4.098761702560056e-05,F01_N-O_
4.0865800506996766e-05,B01_N-O_
4.001240174129159e-05,CATS3D_07_DD
3.7062055482993375e-05,Psi_i_1d
3.6980825891786657e-05,B06_N-N_
3.588220429646638e-05,CATS2D_09_DA
3.579199081914854e-05,CATS3D_02_DD
3.564432290931736e-05,HATS0p
3.514503152103774e-05,CATS3D_10_DD
3.438556628953479e-05,H8m
3.3876130541174643e-05,MDEO-22
3.261892789543701e-05,B03_C-O_
3.1928666954219375e-05,MDEC-44
3.078937029067426e-05,R5m+
3.060514839060296e-05,T(O..S)
2.9073061529532643e-05,MDEN-12
2.8414807598738263e-05,C-034
2.8071287500377247e-05,F10_C-N_
2.7968602495172097e-05,CATS3D_07_AA
2.7829272969667436e-05,nArX
2.5473289420131847e-05,B08_O-O_
2.4694479008684508e-05,P_VSA_LogP_6
2.4319312343886377e-05,s2_numRotBonds
2.3804735294374153e-05,P_VSA_i_1
2.3161054576971866e-05,B05_N-O_
2.1353353105721014e-05,CATS2D_04_AN
2.0645546219160268e-05,SHED_DP
2.0107661283938624e-05,P_VSA_s_5
1.9956688750644093e-05,F08_N-N_
1.9390262791574443e-05,B10_C-N_
1.9023697329749348e-05,F08_O-O_
1.7337631395144305e-05,CATS2D_08_AA
1.7194556047205156e-05,CATS2D_06_DP
1.6489746369455834e-05,minsssN
1.6019067234492737e-05,nSO2N
1.594034534920635e-05,P_VSA_charge_12
1.5848712882641446e-05,CATS2D_07_AA
1.5325738461459706e-05,CATS2D_08_DD
1.5136377822308543e-05,Eig14_EA(dm)
1.484304328146363e-05,B07_C-S_
1.4779691852005461e-05,CATS2D_03_NL
1.4679149455450448e-05,CATS2D_08_AP
1.307920168340244e-05,CATS2D_05_AN
1.2551002048801076e-05,CATS3D_02_AP
1.205029565884282e-05,C-019
1.1897751700422805e-05,F03_N-S_
1.146912844306348e-05,F06_N-N_
1.1064848744578125e-05,minaaN
8.59689186959004e-06,nArCO
8.445870128719929e-06,F03_C-S_
6.971979581859318e-06,Eig08_EA(dm)
6.803714673188826e-06,Eig10_EA(dm)
5.76774577865997e-06,F06_C-S_
5.057822422830049e-06,H-048
4.539879190213215e-06,B05_C-S_
3.7232556517323648e-06,B01_N-N_
3.7218544260922075e-06,P_VSA_MR_8
3.3955018201425507e-06,CATS3D_06_AP
2.5663759962039137e-06,MDEN-23
1.0642847736494854e-06,Cl-090
8.644710568637797e-07,B08_N-N_
8.539933285836458e-07,Eig13_EA(dm)
1.1034574961875757e-18,N-073
5.369037343611562e-19,nRCONHR
1.0899498548438823e-19,nHBonds
-4.697495661053501e-20,CATS3D_07_DA
-6.912063010250818e-20,CATS3D_11_DL
